[[-53.78,-53.75,-54.06,-54.62,-54.53,-60.56,0.,-56.28,-56.47,0.,-45.94,-38.72,-37.62,-36.3]
,[-53.66,-50.72,-51.72,-58.6,-52.84,-59.,0.,-55.78,-56.2,0.,-46.9,-39.8,-44.56,-36.1]
,[-53.72,-51.12,-57.78,0.,-59.06,-59.62,0.,-56.12,-56.16,0.,-48.6,-47.12,0.,-42.03]
,[-53.72,-50.9,-57.4,0.,-58.7,-59.16,0.,-57.44,-49.44,-59.78,-43.34,-48.03,0.,-40.12]
,[-53.6,-50.28,-55.6,0.,-58.4,-52.3,-58.22,-51.,-56.47,0.,-49.62,-48.5,0.,-39.78]
,[-53.34,-53.4,-59.28,0.,-60.44,-53.03,-52.88,-52.06,-58.4,0.,-49.25,-49.3,0.,-38.47]]

[[2,0,0,2,3,0,0,0,2,0,0,2,0,3]
,[2,1,0,0,1,0,0,0,0,0,3,3,3,3]
,[2,2,1,0,1,0,0,0,0,0,0,2,0,3]
,[2,2,1,0,1,1,0,3,3,3,0,2,0,3]
,[2,1,1,0,3,1,3,0,1,0,1,0,0,3]
,[1,1,1,0,1,1,1,1,1,0,1,1,0,3]]