[[-14.71,-14.86,-15.125,-15.57,-15.5,-21.77,0.,-20.89,-20.42,0.,-16.81,-9.5,-8.86,-7.887]
,[-14.63,-14.12,-14.39,-20.77,-15.43,-21.69,0.,-21.08,-20.48,0.,-17.16,-9.99,-16.,-7.652]
,[-14.42,-14.195,-20.16,0.,-22.4,-21.67,0.,-21.28,-20.9,0.,-18.45,-16.89,0.,-13.07]
,[-14.36,-13.9,-19.33,0.,-22.31,-22.42,0.,-21.06,-14.5,-26.88,-12.22,-17.62,0.,-11.34]
,[-14.19,-13.67,-18.83,0.,-22.1,-15.69,-22.58,-15.32,-20.88,0.,-18.27,-17.53,0.,-9.95]
,[-14.11,-14.17,-19.44,0.,-22.36,-15.84,-15.84,-15.31,-21.4,0.,-17.4,-17.2,0.,-8.3]]

[[2,0,0,3,0,0,0,3,0,0,3,3,3,3]
,[2,2,3,3,2,2,0,0,0,0,0,3,3,1]
,[2,2,1,0,0,0,0,0,0,0,0,0,0,3]
,[2,1,1,0,1,0,0,3,0,3,1,0,0,3]
,[2,2,0,0,1,3,3,0,0,0,1,0,0,3]
,[2,1,1,0,1,1,3,1,1,0,1,1,0,3]]